Stats for [0, 1, 2, 3, 4, 5, 6, 7, 8, 9, 10]:
{'mean': 5.0,
 'median': 5,
 'std': 3.3166247903554,
 'var': 11.0}
Stats for [3.0, -1.0, 10.0, -33.0]:
{'mean': -5.25,
 'median': 4.5,
 'std': 19.05037182489273,
 'var': 362.9166666666667}
Stats for [1, 2, 3, 4, 5, 3]:
{'mean': 3.0,
 'median': 3.5,
 'std': 1.4142135623730951,
 'var': 2.0}
